{
  "Number_of_customers": 60,
  "customer_1": {
    "coordinates": {
      "x": 5.94,
      "y": 8.94
    },
    "delivery_from": 0,
    "demand": -23.0,
    "due_time": 10.0,
    "pickup_for": 31,
    "ready_time": 0.0,
    "service_time": 2.0
  },
  "customer_10": {
    "coordinates": {
      "x": 8.3,
      "y": 7.96
    },
    "delivery_from": 0,
    "demand": -28.0,
    "due_time": 10.0,
    "pickup_for": 40,
    "ready_time": 0.0,
    "service_time": 2.0
  },
  "customer_11": {
    "coordinates": {
      "x": 6.16,
      "y": 9.8
    },
    "delivery_from": 0,
    "demand": -40.0,
    "due_time": 20.0,
    "pickup_for": 41,
    "ready_time": 0.0,
    "service_time": 2.0
  },
  "customer_12": {
    "coordinates": {
      "x": 5.0,
      "y": 9.5
    },
    "delivery_from": 0,
    "demand": -40.0,
    "due_time": 20.0,
    "pickup_for": 42,
    "ready_time": 0.0,
    "service_time": 2.0
  },
  "customer_13": {
    "coordinates": {
      "x": 4.63,
      "y": 9.43
    },
    "delivery_from": 0,
    "demand": -20.0,
    "due_time": 20.0,
    "pickup_for": 43,
    "ready_time": 0.0,
    "service_time": 2.0
  },
  "customer_14": {
    "coordinates": {
      "x": 7.21,
      "y": 10.55
    },
    "delivery_from": 0,
    "demand": -22.0,
    "due_time": 20.0,
    "pickup_for": 44,
    "ready_time": 0.0,
    "service_time": 2.0
  },
  "customer_15": {
    "coordinates": {
      "x": 5.68,
      "y": 9.84
    },
    "delivery_from": 0,
    "demand": -20.0,
    "due_time": 20.0,
    "pickup_for": 45,
    "ready_time": 0.0,
    "service_time": 2.0
  },
  "customer_16": {
    "coordinates": {
      "x": 5.75,
      "y": 7.03
    },
    "delivery_from": 0,
    "demand": -20.0,
    "due_time": 30.0,
    "pickup_for": 46,
    "ready_time": 0.0,
    "service_time": 2.0
  },
  "customer_17": {
    "coordinates": {
      "x": 7.36,
      "y": 9.88
    },
    "delivery_from": 0,
    "demand": -10.0,
    "due_time": 30.0,
    "pickup_for": 47,
    "ready_time": 0.0,
    "service_time": 2.0
  },
  "customer_18": {
    "coordinates": {
      "x": 4.45,
      "y": 6.84
    },
    "delivery_from": 0,
    "demand": -21.0,
    "due_time": 30.0,
    "pickup_for": 48,
    "ready_time": 0.0,
    "service_time": 2.0
  },
  "customer_19": {
    "coordinates": {
      "x": 1.14,
      "y": 11.04
    },
    "delivery_from": 0,
    "demand": -20.0,
    "due_time": 30.0,
    "pickup_for": 49,
    "ready_time": 0.0,
    "service_time": 2.0
  },
  "customer_2": {
    "coordinates": {
      "x": 5.53,
      "y": 3.99
    },
    "delivery_from": 0,
    "demand": -14.0,
    "due_time": 10.0,
    "pickup_for": 32,
    "ready_time": 0.0,
    "service_time": 2.0
  },
  "customer_20": {
    "coordinates": {
      "x": 2.41,
      "y": 7.29
    },
    "delivery_from": 0,
    "demand": -43.0,
    "due_time": 30.0,
    "pickup_for": 50,
    "ready_time": 0.0,
    "service_time": 2.0
  },
  "customer_21": {
    "coordinates": {
      "x": 9.95,
      "y": 10.63
    },
    "delivery_from": 0,
    "demand": -15.0,
    "due_time": 30.0,
    "pickup_for": 51,
    "ready_time": 10.0,
    "service_time": 2.0
  },
  "customer_22": {
    "coordinates": {
      "x": 5.94,
      "y": 8.41
    },
    "delivery_from": 0,
    "demand": -40.0,
    "due_time": 30.0,
    "pickup_for": 52,
    "ready_time": 10.0,
    "service_time": 2.0
  },
  "customer_23": {
    "coordinates": {
      "x": 6.91,
      "y": 9.28
    },
    "delivery_from": 0,
    "demand": -10.0,
    "due_time": 30.0,
    "pickup_for": 53,
    "ready_time": 10.0,
    "service_time": 2.0
  },
  "customer_24": {
    "coordinates": {
      "x": 6.2,
      "y": 8.0
    },
    "delivery_from": 0,
    "demand": -10.0,
    "due_time": 30.0,
    "pickup_for": 54,
    "ready_time": 10.0,
    "service_time": 2.0
  },
  "customer_25": {
    "coordinates": {
      "x": 5.64,
      "y": 8.9
    },
    "delivery_from": 0,
    "demand": -26.0,
    "due_time": 30.0,
    "pickup_for": 55,
    "ready_time": 10.0,
    "service_time": 2.0
  },
  "customer_26": {
    "coordinates": {
      "x": 7.21,
      "y": 7.93
    },
    "delivery_from": 0,
    "demand": -10.0,
    "due_time": 50.0,
    "pickup_for": 56,
    "ready_time": 20.0,
    "service_time": 2.0
  },
  "customer_27": {
    "coordinates": {
      "x": 4.55,
      "y": 9.91
    },
    "delivery_from": 0,
    "demand": -25.0,
    "due_time": 50.0,
    "pickup_for": 57,
    "ready_time": 20.0,
    "service_time": 2.0
  },
  "customer_28": {
    "coordinates": {
      "x": 5.56,
      "y": 5.9
    },
    "delivery_from": 0,
    "demand": -20.0,
    "due_time": 50.0,
    "pickup_for": 58,
    "ready_time": 20.0,
    "service_time": 2.0
  },
  "customer_29": {
    "coordinates": {
      "x": 5.22,
      "y": 7.7
    },
    "delivery_from": 0,
    "demand": -41.0,
    "due_time": 50.0,
    "pickup_for": 59,
    "ready_time": 20.0,
    "service_time": 2.0
  },
  "customer_3": {
    "coordinates": {
      "x": 2.38,
      "y": 4.03
    },
    "delivery_from": 0,
    "demand": -16.0,
    "due_time": 10.0,
    "pickup_for": 33,
    "ready_time": 0.0,
    "service_time": 2.0
  },
  "customer_30": {
    "coordinates": {
      "x": 6.69,
      "y": 4.96
    },
    "delivery_from": 0,
    "demand": -20.0,
    "due_time": 50.0,
    "pickup_for": 60,
    "ready_time": 20.0,
    "service_time": 2.0
  },
  "customer_31": {
    "coordinates": {
      "x": 8.34,
      "y": 9.35
    },
    "delivery_from": 1,
    "demand": 23.0,
    "due_time": 0.0,
    "pickup_for": 0,
    "ready_time": 0.0,
    "service_time": 2.0
  },
  "customer_32": {
    "coordinates": {
      "x": 1.89,
      "y": 4.51
    },
    "delivery_from": 2,
    "demand": 14.0,
    "due_time": 0.0,
    "pickup_for": 0,
    "ready_time": 0.0,
    "service_time": 2.0
  },
  "customer_33": {
    "coordinates": {
      "x": 3.35,
      "y": 5.38
    },
    "delivery_from": 3,
    "demand": 16.0,
    "due_time": 0.0,
    "pickup_for": 0,
    "ready_time": 0.0,
    "service_time": 2.0
  },
  "customer_34": {
    "coordinates": {
      "x": 5.11,
      "y": 7.29
    },
    "delivery_from": 4,
    "demand": 32.0,
    "due_time": 0.0,
    "pickup_for": 0,
    "ready_time": 0.0,
    "service_time": 2.0
  },
  "customer_35": {
    "coordinates": {
      "x": 2.08,
      "y": 5.79
    },
    "delivery_from": 5,
    "demand": 10.0,
    "due_time": 0.0,
    "pickup_for": 0,
    "ready_time": 0.0,
    "service_time": 2.0
  },
  "customer_36": {
    "coordinates": {
      "x": 4.44,
      "y": 8.41
    },
    "delivery_from": 6,
    "demand": 20.0,
    "due_time": 0.0,
    "pickup_for": 0,
    "ready_time": 0.0,
    "service_time": 2.0
  },
  "customer_37": {
    "coordinates": {
      "x": 5.11,
      "y": 7.29
    },
    "delivery_from": 7,
    "demand": 33.0,
    "due_time": 0.0,
    "pickup_for": 0,
    "ready_time": 0.0,
    "service_time": 2.0
  },
  "customer_38": {
    "coordinates": {
      "x": 9.05,
      "y": 6.2
    },
    "delivery_from": 8,
    "demand": 10.0,
    "due_time": 0.0,
    "pickup_for": 0,
    "ready_time": 0.0,
    "service_time": 2.0
  },
  "customer_39": {
    "coordinates": {
      "x": 2.04,
      "y": 10.44
    },
    "delivery_from": 9,
    "demand": 30.0,
    "due_time": 0.0,
    "pickup_for": 0,
    "ready_time": 0.0,
    "service_time": 2.0
  },
  "customer_4": {
    "coordinates": {
      "x": 5.68,
      "y": 9.84
    },
    "delivery_from": 0,
    "demand": -32.0,
    "due_time": 10.0,
    "pickup_for": 34,
    "ready_time": 0.0,
    "service_time": 2.0
  },
  "customer_40": {
    "coordinates": {
      "x": 6.58,
      "y": 8.71
    },
    "delivery_from": 10,
    "demand": 28.0,
    "due_time": 0.0,
    "pickup_for": 0,
    "ready_time": 0.0,
    "service_time": 2.0
  },
  "customer_41": {
    "coordinates": {
      "x": 3.95,
      "y": 10.66
    },
    "delivery_from": 11,
    "demand": 40.0,
    "due_time": 0.0,
    "pickup_for": 0,
    "ready_time": 0.0,
    "service_time": 2.0
  },
  "customer_42": {
    "coordinates": {
      "x": 2.79,
      "y": 6.13
    },
    "delivery_from": 12,
    "demand": 40.0,
    "due_time": 0.0,
    "pickup_for": 0,
    "ready_time": 0.0,
    "service_time": 2.0
  },
  "customer_43": {
    "coordinates": {
      "x": 2.34,
      "y": 7.1
    },
    "delivery_from": 13,
    "demand": 20.0,
    "due_time": 0.0,
    "pickup_for": 0,
    "ready_time": 0.0,
    "service_time": 2.0
  },
  "customer_44": {
    "coordinates": {
      "x": 4.29,
      "y": 8.3
    },
    "delivery_from": 14,
    "demand": 22.0,
    "due_time": 0.0,
    "pickup_for": 0,
    "ready_time": 0.0,
    "service_time": 2.0
  },
  "customer_45": {
    "coordinates": {
      "x": 4.29,
      "y": 8.3
    },
    "delivery_from": 15,
    "demand": 20.0,
    "due_time": 0.0,
    "pickup_for": 0,
    "ready_time": 0.0,
    "service_time": 2.0
  },
  "customer_46": {
    "coordinates": {
      "x": 6.43,
      "y": 6.5
    },
    "delivery_from": 16,
    "demand": 20.0,
    "due_time": 0.0,
    "pickup_for": 0,
    "ready_time": 0.0,
    "service_time": 2.0
  },
  "customer_47": {
    "coordinates": {
      "x": 4.51,
      "y": 10.85
    },
    "delivery_from": 17,
    "demand": 10.0,
    "due_time": 0.0,
    "pickup_for": 0,
    "ready_time": 0.0,
    "service_time": 2.0
  },
  "customer_48": {
    "coordinates": {
      "x": 6.73,
      "y": 4.63
    },
    "delivery_from": 18,
    "demand": 21.0,
    "due_time": 0.0,
    "pickup_for": 0,
    "ready_time": 0.0,
    "service_time": 2.0
  },
  "customer_49": {
    "coordinates": {
      "x": 2.19,
      "y": 8.68
    },
    "delivery_from": 19,
    "demand": 20.0,
    "due_time": 0.0,
    "pickup_for": 0,
    "ready_time": 0.0,
    "service_time": 2.0
  },
  "customer_5": {
    "coordinates": {
      "x": 3.95,
      "y": 8.98
    },
    "delivery_from": 0,
    "demand": -10.0,
    "due_time": 10.0,
    "pickup_for": 35,
    "ready_time": 0.0,
    "service_time": 2.0
  },
  "customer_50": {
    "coordinates": {
      "x": 0.43,
      "y": 6.13
    },
    "delivery_from": 20,
    "demand": 43.0,
    "due_time": 0.0,
    "pickup_for": 0,
    "ready_time": 0.0,
    "service_time": 2.0
  },
  "customer_51": {
    "coordinates": {
      "x": 7.06,
      "y": 8.94
    },
    "delivery_from": 21,
    "demand": 15.0,
    "due_time": 0.0,
    "pickup_for": 0,
    "ready_time": 0.0,
    "service_time": 2.0
  },
  "customer_52": {
    "coordinates": {
      "x": 8.56,
      "y": 9.73
    },
    "delivery_from": 22,
    "demand": 40.0,
    "due_time": 0.0,
    "pickup_for": 0,
    "ready_time": 0.0,
    "service_time": 2.0
  },
  "customer_53": {
    "coordinates": {
      "x": 8.11,
      "y": 9.43
    },
    "delivery_from": 23,
    "demand": 10.0,
    "due_time": 0.0,
    "pickup_for": 0,
    "ready_time": 0.0,
    "service_time": 2.0
  },
  "customer_54": {
    "coordinates": {
      "x": 8.64,
      "y": 10.03
    },
    "delivery_from": 24,
    "demand": 10.0,
    "due_time": 0.0,
    "pickup_for": 0,
    "ready_time": 0.0,
    "service_time": 2.0
  },
  "customer_55": {
    "coordinates": {
      "x": 2.83,
      "y": 6.16
    },
    "delivery_from": 25,
    "demand": 26.0,
    "due_time": 0.0,
    "pickup_for": 0,
    "ready_time": 0.0,
    "service_time": 2.0
  },
  "customer_56": {
    "coordinates": {
      "x": 8.19,
      "y": 6.73
    },
    "delivery_from": 26,
    "demand": 10.0,
    "due_time": 0.0,
    "pickup_for": 0,
    "ready_time": 0.0,
    "service_time": 2.0
  },
  "customer_57": {
    "coordinates": {
      "x": 4.7,
      "y": 6.84
    },
    "delivery_from": 27,
    "demand": 25.0,
    "due_time": 0.0,
    "pickup_for": 0,
    "ready_time": 0.0,
    "service_time": 2.0
  },
  "customer_58": {
    "coordinates": {
      "x": 8.04,
      "y": 9.54
    },
    "delivery_from": 28,
    "demand": 20.0,
    "due_time": 0.0,
    "pickup_for": 0,
    "ready_time": 0.0,
    "service_time": 2.0
  },
  "customer_59": {
    "coordinates": {
      "x": 8.04,
      "y": 9.54
    },
    "delivery_from": 29,
    "demand": 41.0,
    "due_time": 0.0,
    "pickup_for": 0,
    "ready_time": 0.0,
    "service_time": 2.0
  },
  "customer_6": {
    "coordinates": {
      "x": 5.23,
      "y": 7.7
    },
    "delivery_from": 0,
    "demand": -20.0,
    "due_time": 10.0,
    "pickup_for": 36,
    "ready_time": 0.0,
    "service_time": 2.0
  },
  "customer_60": {
    "coordinates": {
      "x": 2.9,
      "y": 4.81
    },
    "delivery_from": 30,
    "demand": 20.0,
    "due_time": 0.0,
    "pickup_for": 0,
    "ready_time": 0.0,
    "service_time": 2.0
  },
  "customer_7": {
    "coordinates": {
      "x": 2.38,
      "y": 7.33
    },
    "delivery_from": 0,
    "demand": -33.0,
    "due_time": 10.0,
    "pickup_for": 37,
    "ready_time": 0.0,
    "service_time": 2.0
  },
  "customer_8": {
    "coordinates": {
      "x": 2.75,
      "y": 10.48
    },
    "delivery_from": 0,
    "demand": -10.0,
    "due_time": 10.0,
    "pickup_for": 38,
    "ready_time": 0.0,
    "service_time": 2.0
  },
  "customer_9": {
    "coordinates": {
      "x": 3.95,
      "y": 8.98
    },
    "delivery_from": 0,
    "demand": -30.0,
    "due_time": 10.0,
    "pickup_for": 39,
    "ready_time": 0.0,
    "service_time": 2.0
  },
  "depart": {
    "coordinates": {
      "x": 5.0,
      "y": 5.0
    },
    "delivery_from": 0,
    "demand": 0.0,
    "due_time": 240.0,
    "pickup_for": 0,
    "ready_time": 0.0,
    "service_time": 0.0
  },
  "distance_matrix": [
    [
      0.0, 4.0505802053533015, 1.1406138698087096, 2.7937966998334005,
      4.887535166113897, 4.1161754092846925, 2.709778588741154,
      3.506180257773408, 5.923926063009227, 4.1161754092846925,
      4.433012519720648, 4.938177801578231, 4.5, 4.445424614139801,
      5.973826244543778, 4.887535166113897, 2.164116447883524,
      5.420701061670899, 1.9204426573058617, 7.168068080033838,
      3.4571953951143692, 7.496625907700077, 3.537188148798421,
      4.686843287331036, 3.2310988842807027, 3.9521639642099875,
      3.6700136239529138, 4.930578059416563, 1.06, 2.7089481353470024,
      1.6904733065032411, 5.484350462908073, 3.1483646548644906,
      1.6931922513406443, 2.2926403991904185, 3.0249793387724155,
      3.455676489487985, 2.2926403991904185, 4.224038352098618,
      6.193157514547809, 4.032431028548412, 5.756570159391789,
      2.4821361767638774, 3.389041162334857, 3.375514775556464,
      3.375514775556464, 2.0724140512938045, 5.870485499513647,
      1.7691240770505616, 4.630172782953137, 4.707632101173583,
      4.446031938706693, 5.920008445939922, 5.412670320645808,
      6.208904895390169, 2.4605893602956184, 3.6289116825847385,
      1.8642961138188319, 5.4638081957550435, 5.4638081957550435,
      2.1085777196963833
    ],
    [
      4.0505802053533015, 0.0, 4.966950774871842, 6.064791834844788,
      0.93680307429043, 1.9904019694524022, 1.4288806808127816,
      3.90713449986048, 3.5422732813830167, 1.9904019694524022,
      2.5553864678361276, 0.887693640846887, 1.094166349327195,
      1.398642198705588, 2.0506096654409887, 0.93680307429043,
      1.9194269978303413, 1.7029386365926407, 2.57489805623446,
      5.239274758971894, 3.8965882512782897, 4.351574427721534,
      0.5299999999999994, 1.0278618584226187, 0.9752948272189281,
      0.3026549190084317, 1.6226521500309294, 1.6949926253526895,
      3.063657944353448, 1.4338758663147935, 4.050049382414985,
      2.4347689828811268, 6.002282899031001, 4.402465218488387,
      1.8469975636150684, 4.982178238481638, 1.5908802594790092,
      1.8469975636150684, 4.144840165796505, 4.178516483155236,
      0.6800735254367714, 2.6303041649208563, 4.22120835780467,
      4.042969205917849, 1.7697739968707866, 1.7697739968707866,
      2.4887145276226432, 2.3860008382228206, 4.3818032817551265,
      3.7590025272670413, 6.185159658408181, 1.1199999999999992,
      2.7365123789232166, 2.2246348014898976, 2.9117177060972104,
      4.171390655404981, 3.1538230768386475, 2.4387701818744625,
      2.1840329667841543, 2.1840329667841543, 5.128206314102427
    ],
    [
      1.1406138698087096, 4.966950774871842, 0.0, 3.150253958016719,
      5.851922760939348, 5.234166600329035, 3.7221096168705188,
      4.591089195387082, 7.060347016967367, 5.234166600329035,
      4.840847033319686, 5.844056810127705, 5.535431329173906,
      5.513945955484148, 6.771705841219036, 5.851922760939348,
      3.047950130825634, 6.1677386455653265, 3.047769676337108,
      8.305094821854835, 4.541409472839902, 7.976590750439688,
      4.438975106936285, 5.467037589042167, 4.065587288449234,
      4.9112320246553205, 4.283223085481306, 6.000566639909934,
      1.9102355875650523, 3.7229289544658246, 1.512117720285031,
      6.051917051645701, 3.6769552621700474, 2.5854400012377003,
      3.3266199061509867, 3.8913365313218544, 4.552416940483374,
      3.3266199061509867, 4.1562603383330075, 7.333662113841896,
      4.835380026430188, 6.8545824088707255, 3.4766650687116814,
      4.455131872346766, 4.484829985629333, 4.484829985629333,
      2.6664770765937584, 6.93541635375988, 1.3599999999999999,
      5.757751297164544, 5.530786562506277, 5.181061667264731,
      6.490647117198716, 6.020797289396147, 6.793651448227234,
      3.463942840175051, 3.8187956216587446, 2.968400242554902,
      6.09119035985578, 6.09119035985578, 2.7548684179103726
    ],
    [
      2.7937966998334005, 6.064791834844788, 3.150253958016719, 0.0,
      6.68177371661148, 5.193014538781882, 4.646654710649372, 3.3,
      6.460603686963006, 5.193014538781882, 7.105723045545753,
      6.897919976340694, 6.065088622600662, 5.85, 8.114141975588055,
      6.68177371661148, 4.511862143284079, 7.682636266282558,
      3.4901289374462943, 7.11882715059159, 3.260138033887522,
      10.043151895694898, 5.644289149219767, 6.9342194946511455,
      5.509382905553035, 5.860418073823745, 6.207970682920466,
      6.267639108946844, 3.6890784757172077, 4.640527987201456,
      4.409194937854302, 7.988992427083655, 0.6859300255857004,
      1.6623477373882998, 4.252117119741647, 1.7853851125177445,
      4.840247927534292, 4.252117119741647, 7.014114341811089,
      6.4190108272225235, 6.288274803155473, 6.813354533561276,
      2.139649504007607, 3.0702605752606726, 4.677713116470484,
      4.677713116470484, 4.743774868182511, 7.1448792851943965,
      4.391184350491335, 4.653880101592648, 2.8657459761814197,
      6.783104009227634, 8.407282557402244, 7.873557010652808,
      8.671078364309713, 2.1770163067832082, 6.4067230313164,
      3.6439676178583147, 7.899094884858643, 7.899094884858643,
      0.9374433316206368
    ],
    [
      4.887535166113897, 0.93680307429043, 5.851922760939348, 6.68177371661148,
      0.0, 1.931967908636165, 2.186801316992469, 4.146094547884792,
      2.9990831932442283, 1.931967908636165, 3.2247170418503397,
      0.48166378315169217, 0.7602631123499282, 1.127208942476948,
      1.6867127793433006, 0.0, 2.810871750898642, 1.6804761230080012,
      3.2423602514217937, 4.695913116743111, 4.146733654335662,
      4.342464737910948, 1.4534441853748632, 1.3514806694880994,
      1.9120669444347391, 0.9408506789071256, 2.4472433471152804,
      1.1321660655575223, 3.9418269875782217, 2.188880992653552,
      4.9834225187114125, 2.704755072090632, 6.540107032763301,
      5.031947932957971, 2.612929390550001, 5.418717560456533,
      1.8927493230747694, 2.612929390550001, 4.960493927019768,
      3.689119136054025, 1.4446106741956457, 1.9144973230589797,
      4.702786408077662, 4.320092591600323, 2.0745360927204897,
      2.0745360927204897, 3.423171044514136, 1.5456390264224047,
      5.314753051647838, 3.6777302783102512, 6.42857682539456,
      1.6475436261295178, 2.882099928871309, 2.464345754962156,
      2.9660917045836603, 4.654556906946137, 3.9965234892341113,
      3.156010139400696, 2.3789913829183993, 2.3789913829183993,
      5.747112318373463
    ],
    [
      4.1161754092846925, 1.9904019694524022, 5.234166600329035,
      5.193014538781882, 1.931967908636165, 0.0, 1.8101933598375621,
      2.277586441828279, 1.9209372712298547, 0.0, 4.467986123523662,
      2.3572229423624744, 1.171708154789408, 0.815414005275847,
      3.6183559802761254, 1.931967908636165, 2.65377090194312,
      3.526769059635179, 2.1976350925483517, 3.484207226902556,
      2.286416410018088, 6.222740553807461, 2.0700241544484452,
      2.97516386103354, 2.454159734002659, 1.6918924315688626,
      3.4249233568066892, 1.1067520047418025, 3.475413644445794,
      1.8031361568112374, 4.864976875587386, 4.405564663014266,
      4.921839087170568, 3.649657518178932, 2.049804868761903,
      3.697701989073755, 0.7516648189186458, 2.049804868761903,
      5.80847656447024, 2.4041006634498476, 2.6438229895361753,
      1.6799999999999997, 3.077027786679867, 2.475176761364732,
      0.7602631123499282, 0.7602631123499282, 3.5072496346852757,
      1.95205020427242, 5.162450968290159, 1.7853851125177451,
      4.529116911716897, 3.1102572240893513, 4.670610238502031,
      4.184268155842787, 4.806100290256124, 3.034270917370432,
      4.800010416655363, 2.267619897601889, 4.128159396147391,
      4.128159396147391, 4.300162787616302
    ],
    [
      2.709778588741154, 1.4288806808127816, 3.7221096168705188,
      4.646654710649372, 2.186801316992469, 1.8101933598375621, 0.0,
      2.873917187394237, 3.725426150120279, 1.8101933598375621,
      3.0809901006007796, 2.296715045450785, 1.8146349495146399,
      1.8310925700247924, 3.470288172472136, 2.186801316992469,
      0.8481155581640979, 3.0478352973873113, 1.1610340218959998,
      5.280501870087728, 2.84964910120527, 5.555474777190514,
      1.0040916292848974, 2.306252371272493, 1.0153324578678649,
      1.268108828137396, 1.9933138237618275, 2.3122499864850257,
      1.8299999999999996, 0.010000000000000675, 3.1047061052537646,
      3.5205965403607378, 4.618625336612617, 2.9861011369342467,
      0.4272001872658767, 3.683829529172055, 1.0621675950620977,
      0.4272001872658767, 4.103949317425838, 4.205199162941037,
      1.6860011862392033, 3.22490309931942, 2.9014651471282575,
      2.951626670160033, 1.1151681487560525, 1.1151681487560525,
      1.6970562748477138, 3.231238152782923, 3.4168552793467857,
      3.1940569813326753, 5.050237618172041, 2.210542919737139,
      3.8999743588900686, 3.3596577206614358, 4.130012106519786,
      2.8515960443232493, 3.114883625434503, 1.0101980003939826,
      3.358824199031558, 3.358824199031558, 3.7122769293251823
    ],
    [
      3.506180257773408, 3.90713449986048, 4.591089195387082, 3.3,
      4.146094547884792, 2.277586441828279, 2.873917187394237, 0.0,
      3.171655719021219, 2.277586441828279, 5.953427584173676,
      4.515451250982564, 3.401955320106365, 3.0777426793024785,
      5.804937553497023, 4.146094547884792, 3.383326765182459,
      5.594899462903691, 2.127204738618265, 3.911738743832465,
      0.050000000000000176, 8.258020343883878, 3.720215047547655,
      4.931875910847717, 3.878311488263933, 3.6183559802761254,
      4.8671244076970135, 3.3712460604352215, 3.4867319942892077,
      2.864000698323937, 4.918638022867713, 6.293011997446055,
      2.862254356272343, 2.1779348015953097, 2.730293024567144,
      1.568948692596415, 2.325940669922602, 2.730293024567144,
      6.765042498018768, 3.128530006248941, 4.420904884749275,
      3.6815485872116374, 1.2681088281373962, 0.23345235059857547,
      2.142195135836136, 2.142195135836136, 4.13417464556107, 4.11428000991668,
      5.119814449762805, 1.36330480817754, 2.2896506283710623,
      4.949191853222099, 6.629660624798227, 6.1026961254842105,
      6.817448202956881, 1.2535549449465706, 5.840898903422315,
      2.3711811402758753, 6.0761583257844745, 6.0761583257844745,
      2.573091525772063
    ],
    [
      5.923926063009227, 3.5422732813830167, 7.060347016967367,
      6.460603686963006, 2.9990831932442283, 1.9209372712298547,
      3.725426150120279, 3.171655719021219, 0.0, 1.9209372712298547,
      6.095317875221932, 3.477139629062946, 2.454159734002659,
      2.1533462331914954, 4.460549293528769, 2.9990831932442283,
      4.5719251962384515, 4.648881585930105, 4.017412102336529,
      1.7046113926640285, 3.208067954392488, 7.201562330494681,
      3.802762154013843, 4.329618920875139, 4.248870438128233,
      3.2937061192522927, 5.1375188564130845, 1.8880942773071476,
      5.373313688963264, 3.7187766805765574, 6.781887642832194,
      5.703069349043548, 6.031624988342695, 5.135172830587107,
      3.9680851805373334, 4.737615433949869, 2.672264956923247,
      3.9680851805373334, 7.616324572915732, 0.711125867902441,
      4.21921793701155, 1.2134249049694013, 4.350183904158536,
      3.404776057246645, 2.6690822392725178, 2.6690822392725178,
      5.420590373750815, 1.7984715733088468, 7.075514115596125,
      1.8850994668717094, 4.930000000000001, 4.576865739783067,
      5.858207917102295, 5.461876966757856, 5.907165140742216,
      4.320740677245048, 6.607276292088897, 4.129418845309835,
      5.372867018640978, 5.372867018640978, 5.6719837799486
    ],
    [
      4.1161754092846925, 1.9904019694524022, 5.234166600329035,
      5.193014538781882, 1.931967908636165, 0.0, 1.8101933598375621,
      2.277586441828279, 1.9209372712298547, 0.0, 4.467986123523662,
      2.3572229423624744, 1.171708154789408, 0.815414005275847,
      3.6183559802761254, 1.931967908636165, 2.65377090194312,
      3.526769059635179, 2.1976350925483517, 3.484207226902556,
      2.286416410018088, 6.222740553807461, 2.0700241544484452,
      2.97516386103354, 2.454159734002659, 1.6918924315688626,
      3.4249233568066892, 1.1067520047418025, 3.475413644445794,
      1.8031361568112374, 4.864976875587386, 4.405564663014266,
      4.921839087170568, 3.649657518178932, 2.049804868761903,
      3.697701989073755, 0.7516648189186458, 2.049804868761903,
      5.80847656447024, 2.4041006634498476, 2.6438229895361753,
      1.6799999999999997, 3.077027786679867, 2.475176761364732,
      0.7602631123499282, 0.7602631123499282, 3.5072496346852757,
      1.95205020427242, 5.162450968290159, 1.7853851125177451,
      4.529116911716897, 3.1102572240893513, 4.670610238502031,
      4.184268155842787, 4.806100290256124, 3.034270917370432,
      4.800010416655363, 2.267619897601889, 4.128159396147391,
      4.128159396147391, 4.300162787616302
    ],
    [
      4.433012519720648, 2.5553864678361276, 4.840847033319686,
      7.105723045545753, 3.2247170418503397, 4.467986123523662,
      3.0809901006007796, 5.953427584173676, 6.095317875221932,
      4.467986123523662, 0.0, 2.8222685910451553, 3.6416479785943072,
      3.953454185898707, 2.8100177935379707, 3.2247170418503397,
      2.714295488704206, 2.137755832643196, 4.009600977653513,
      7.794356933063818, 5.927984480411534, 3.1386939959161357,
      2.4025195108468944, 1.9168985366993214, 2.1003809178337156,
      2.8212054161297804, 1.0904127658827192, 4.2267008410816125,
      3.4280023337214933, 3.0909545451203266, 3.4047173157253456,
      1.390575420464492, 7.279464266001998, 5.582015764936536,
      3.2596012026013246, 6.587662711462997, 3.886142045782681,
      3.2596012026013246, 1.9131387822110553, 6.7333498349632785,
      1.87640613940586, 5.119814449762805, 5.8059452288150295,
      6.021727326938676, 4.024388152253707, 4.024388152253707,
      2.372445995170386, 4.766151487311331, 3.6815485872116374,
      6.152276001611113, 8.079962871201824, 1.5805062480104284,
      1.7889941307897022, 1.4822280526288794, 2.097736875778275,
      5.758550164755015, 1.2349089035228464, 3.770198933743418,
      1.6012495120998471, 1.6012495120998471, 6.251599795252413
    ],
    [
      4.938177801578231, 0.887693640846887, 5.844056810127705,
      6.897919976340694, 0.48166378315169217, 2.3572229423624744,
      2.296715045450785, 4.515451250982564, 3.477139629062946,
      2.3572229423624744, 2.8222685910451553, 0.0, 1.1981652640600131,
      1.5741029191256846, 1.290348790056394, 0.48166378315169217,
      2.800178565734693, 1.2026637102698328, 3.4184353145847304,
      5.170880002475401, 4.512493767308715, 3.87981958343426,
      1.4073023839957075, 0.9126335518706298, 1.8004443895883044,
      1.0394229168149032, 2.144621178670024, 1.613753388842298,
      3.9458839313897722, 2.3007824755939015, 4.868932121112391,
      2.2259604668547013, 6.7983086131772525, 5.237604414233668,
      2.720771949282042, 5.720707998141489, 2.2114474897677314,
      2.720771949282042, 4.616503005522688, 4.1694124286282825,
      1.1681181447096862, 2.3714341652257604, 4.982549548173105,
      4.677862759850914, 2.397269279826528, 2.397269279826528,
      3.3110270309980865, 1.9557607215607944, 5.201326753819646,
      4.124960605872498, 6.804542600351621, 1.2448293055676354,
      2.401020616321318, 1.9847921805569464, 2.4906424873915567,
      4.933406530988502, 3.6804619275302928, 3.3004848128721944,
      1.8978935691971763, 1.8978935691971763, 5.960511722998287
    ],
    [
      4.5, 1.094166349327195, 5.535431329173906, 6.065088622600662,
      0.7602631123499282, 1.171708154789408, 1.8146349495146399,
      3.401955320106365, 2.454159734002659, 1.171708154789408,
      3.6416479785943072, 1.1981652640600131, 0.0, 0.37656340767525476,
      2.4467529503405125, 0.7602631123499282, 2.5813562326807973,
      2.3903974564912844, 2.7162658190979765, 4.155863327877855,
      3.4047320012006814, 5.077341824222592, 1.4393401265857908,
      1.9226284092356487, 1.9209372712298547, 0.8772684879784519,
      2.7109039082933206, 0.6087692502089772, 3.6432952117554236,
      1.8133946068079059, 4.844347221246636, 3.3433665668005954,
      5.879812922194039, 4.438118970915493, 2.2127358631341427,
      4.721281605665987, 1.2254386969571343, 2.2127358631341427,
      5.2242224301804, 3.1056722299688997, 1.7664937022248335,
      1.5646405337968208, 4.030012406928792, 3.582680560697535,
      1.3943098651304158, 1.3943098651304158, 3.323386826717588,
      1.4361754767437018, 5.168152474530913, 2.9272000273298713,
      5.678186330158601, 2.1347599396653476, 3.5674220383913093,
      3.110787681600915, 3.678382796827976, 3.9830264874841093,
      4.224807687930895, 2.67686383665662, 3.0402631465055774,
      3.0402631465055774, 5.138686602625228
    ],
    [
      4.445424614139801, 1.398642198705588, 5.513945955484148, 5.85,
      1.127208942476948, 0.815414005275847, 1.8310925700247924,
      3.0777426793024785, 2.1533462331914954, 0.815414005275847,
      3.953454185898707, 1.5741029191256846, 0.37656340767525476, 0.0,
      2.81261444211609, 1.127208942476948, 2.6484712571594953, 2.76683935204052,
      2.596247291765559, 3.8434619810790376, 3.083504499753486,
      5.453659321959889, 1.6602710622064099, 2.284928882919554,
      2.1236289694765422, 1.1406138698087092, 2.9843592277070132,
      0.48662100242385803, 3.6504520268043508, 1.8278402556022226,
      4.921839087170567, 3.7108624334512856, 5.63151844532183,
      4.247458063359779, 2.1931712199461306, 4.444333470836769,
      1.037545179739176, 2.1931712199461306, 5.47442234395557,
      2.779964028544254, 2.0786774641584005, 1.4054536634126367,
      3.7783064989489668, 3.2669557695199978, 1.1800423721205937,
      1.1800423721205937, 3.4387352326109664, 1.4250614021858847,
      5.239274758971894, 2.55266527378738, 5.341348144429457,
      2.4789110512481076, 3.9414337492846436, 3.4799999999999995,
      4.054639318114498, 3.732680002357555, 4.468064457905681,
      2.5909457732650445, 3.4117737322395802, 3.4117737322395802,
      4.933284909672256
    ],
    [
      5.973826244543778, 2.0506096654409887, 6.771705841219036,
      8.114141975588055, 1.6867127793433006, 3.6183559802761254,
      3.470288172472136, 5.804937553497023, 4.460549293528769,
      3.6183559802761254, 2.8100177935379707, 1.290348790056394,
      2.4467529503405125, 2.81261444211609, 0.0, 1.6867127793433006,
      3.8107741995557807, 0.6865857557508749, 4.624035034469355,
      6.089745479082028, 5.802378822517538, 2.7411676344215063,
      2.488473427625861, 1.3049521064008454, 2.742735860413832,
      2.277586441828279, 2.620000000000001, 2.7359093552235976,
      4.934065261019558, 3.4760034522422445, 5.614133949239188,
      1.6483021567661684, 8.048850849655498, 6.452015189070776,
      3.8778344472140636, 6.998178334395316, 3.5003571246374277,
      3.8778344472140636, 4.723145138570273, 5.17117008035899,
      1.9448650338776723, 3.2618553002854065, 6.25082394568908,
      5.968199058342476, 3.6863125206634337, 3.6863125206634337,
      4.124427232962173, 2.7166155414412247, 5.939427581846589,
      5.356986092944427, 8.093503567676981, 1.616972479666863,
      1.5795252451290551, 1.4368020044529453, 1.5216109883935522,
      6.201330502400272, 3.943703842836072, 4.479307982266905,
      1.3072872675888807, 1.3072872675888807, 7.178001114516493
    ],
    [
      4.887535166113897, 0.93680307429043, 5.851922760939348, 6.68177371661148,
      0.0, 1.931967908636165, 2.186801316992469, 4.146094547884792,
      2.9990831932442283, 1.931967908636165, 3.2247170418503397,
      0.48166378315169217, 0.7602631123499282, 1.127208942476948,
      1.6867127793433006, 0.0, 2.810871750898642, 1.6804761230080012,
      3.2423602514217937, 4.695913116743111, 4.146733654335662,
      4.342464737910948, 1.4534441853748632, 1.3514806694880994,
      1.9120669444347391, 0.9408506789071256, 2.4472433471152804,
      1.1321660655575223, 3.9418269875782217, 2.188880992653552,
      4.9834225187114125, 2.704755072090632, 6.540107032763301,
      5.031947932957971, 2.612929390550001, 5.418717560456533,
      1.8927493230747694, 2.612929390550001, 4.960493927019768,
      3.689119136054025, 1.4446106741956457, 1.9144973230589797,
      4.702786408077662, 4.320092591600323, 2.0745360927204897,
      2.0745360927204897, 3.423171044514136, 1.5456390264224047,
      5.314753051647838, 3.6777302783102512, 6.42857682539456,
      1.6475436261295178, 2.882099928871309, 2.464345754962156,
      2.9660917045836603, 4.654556906946137, 3.9965234892341113,
      3.156010139400696, 2.3789913829183993, 2.3789913829183993,
      5.747112318373463
    ],
    [
      2.164116447883524, 1.9194269978303413, 3.047950130825634,
      4.511862143284079, 2.810871750898642, 2.65377090194312,
      0.8481155581640979, 3.383326765182459, 4.5719251962384515,
      2.65377090194312, 2.714295488704206, 2.800178565734693,
      2.5813562326807973, 2.6484712571594953, 3.8107741995557807,
      2.810871750898642, 0.0, 3.273316361123685, 1.3138112497615477,
      6.110008183300575, 3.3501044759828016, 5.531726674375732,
      1.3930183056945087, 2.531422524984716, 1.069298835686264,
      1.8732325002519044, 1.7151093259614674, 3.12, 1.1458621208504973,
      0.8542833253669418, 2.2734335266288306, 3.477139629062945,
      4.609772228646444, 2.9124731758421403, 0.6907966415668213,
      3.873822401711261, 1.9027611515899727, 0.6907966415668213,
      3.402778276643955, 5.03906737402865, 1.8738463117342368,
      4.051777387764535, 3.093800252117127, 3.410718399399165,
      1.9350710581268071, 1.9350710581268071, 0.8621484790916236,
      4.01621712560464, 2.5923734298900696, 3.923786436594122,
      5.395590792489735, 2.3160742647851333, 3.8969346928066426,
      3.3659471178258276, 4.165585192983094, 3.046850833237492,
      2.4583734460004236, 1.0670520137275408, 3.3976756761056506,
      3.3976756761056506, 3.6126029397098156
    ],
    [
      5.420701061670899, 1.7029386365926407, 6.1677386455653265,
      7.682636266282558, 1.6804761230080012, 3.526769059635179,
      3.0478352973873113, 5.594899462903691, 4.648881585930105,
      3.526769059635179, 2.137755832643196, 1.2026637102698328,
      2.3903974564912844, 2.76683935204052, 0.6865857557508749,
      1.6804761230080012, 3.273316361123685, 0.0, 4.208289438714976,
      6.3272426854041255, 5.586644789137753, 2.6964050140882017,
      2.043844416779321, 0.7500000000000012, 2.209072203437453,
      1.97959591836314, 1.9557607215607957, 2.810160137785746,
      4.368111720182991, 3.054832237619605, 4.965410355650377,
      1.114136436887332, 7.665363657387692, 6.027445561761633,
      3.4308308031728996, 6.678809774203785, 3.2691436187478824,
      3.4308308031728996, 4.049506142729013, 5.349392488871984,
      1.4061649974309558, 3.4980708969373393, 5.911632600221364,
      5.738362135662057, 3.4527235626386314, 3.4527235626386314,
      3.505609790036536, 3.010548122850721, 5.287664891045953,
      5.307438176747799, 7.879555825044964, 0.9867117106835221,
      1.2093386622447826, 0.8746427842267949, 1.288759093081403,
      5.861680646367559, 3.2575143898377488, 4.039455408839167,
      0.7602631123499282, 0.7602631123499282, 6.752518048846668
    ],
    [
      1.9204426573058617, 2.57489805623446, 3.047769676337108,
      3.4901289374462943, 3.2423602514217937, 2.1976350925483517,
      1.1610340218959998, 2.127204738618265, 4.017412102336529,
      2.1976350925483517, 4.009600977653513, 3.4184353145847304,
      2.7162658190979765, 2.596247291765559, 4.624035034469355,
      3.2423602514217937, 1.3138112497615477, 4.208289438714976, 0.0,
      5.347532141090879, 2.089042843026442, 6.679378713622996,
      2.164486082191337, 3.4648520891951504, 2.0995475703112803,
      2.3790124001358213, 2.9674399741191055, 3.071628232713067,
      1.4545446022724768, 1.1543396380615196, 2.924380276229478,
      4.629492412781341, 3.4615747861341957, 1.8280043763623761,
      0.7988116173416611, 2.5921805492673538, 1.5700318468107586,
      0.7988116173416611, 4.644308344630017, 4.332216522751373,
      2.8343958791954242, 3.852583548737133, 1.8054639292990597,
      2.1259586073110643, 1.4687409574189734, 1.4687409574189734,
      2.0089798406156287, 4.010448852684696, 3.1752952618614856,
      2.9143095237122636, 4.082217534625023, 3.3499402979754724,
      5.024360655844682, 4.483714977560459, 5.266137104177976,
      1.756929139151605, 3.7416172973728883, 0.25, 4.492004007121987,
      4.492004007121987, 2.5540947515705055
    ],
    [
      7.168068080033838, 5.239274758971894, 8.305094821854835, 7.11882715059159,
      4.695913116743111, 3.484207226902556, 5.280501870087728,
      3.911738743832465, 1.7046113926640285, 3.484207226902556,
      7.794356933063818, 5.170880002475401, 4.155863327877855,
      3.8434619810790376, 6.089745479082028, 4.695913116743111,
      6.110008183300575, 6.3272426854041255, 5.347532141090879, 0.0,
      3.9592170943255933, 8.81953513514176, 5.473289687199098,
      6.032453895389504, 5.902982297110504, 4.982930864461196,
      6.820337235063967, 3.5923529893372113, 6.779085484045764,
      5.272760187985036, 8.232186829755506, 7.395681172143645,
      6.572929331736345, 6.0761583257844745, 5.461080479172597,
      5.333488539408329, 4.219822271138916, 5.461080479172597,
      9.273278816039126, 1.0816653826391966, 5.917981074657133,
      2.8355775425828162, 5.179826251912316, 4.11868911184129,
      4.174937125275061, 4.174937125275061, 6.97106161212193,
      3.3753518335130637, 8.505069076733005, 2.583040843656948,
      4.961068433311517, 6.2814329575344505, 7.534752816118124,
      7.153530596845169, 7.567701104034171, 5.164348942509597,
      8.263086590372872, 5.505778782334066, 7.0611613775638915,
      7.0611613775638915, 6.4738319409759155
    ],
    [
      3.4571953951143692, 3.8965882512782897, 4.541409472839902,
      3.260138033887522, 4.146733654335662, 2.286416410018088, 2.84964910120527,
      0.050000000000000176, 3.208067954392488, 2.286416410018088,
      5.927984480411534, 4.512493767308715, 3.4047320012006814,
      3.083504499753486, 5.802378822517538, 4.146733654335662,
      3.3501044759828016, 5.586644789137753, 2.089042843026442,
      3.9592170943255933, 0.0, 8.246647803804889, 3.7034173407813498,
      4.920376001892538, 3.8559304972989334, 3.6090164865237173,
      4.842478704134898, 3.3828981657744293, 3.4430509726113545,
      2.839753510430086, 4.873120150375938, 6.277618975375934,
